Detailed Classification Report

|    |   Pale_Accuracy |   Pale_Precision |   Pale_Recall |   Pale_F1 | Pale_Confusion     |   SKLearn_Accuracy |   SKLearn_Precision |   SKLearn_Recall |   SKLearn_F1 | SKLearn_Confusion   |
|---:|----------------:|-----------------:|--------------:|----------:|:-------------------|-------------------:|--------------------:|-----------------:|-------------:|:--------------------|
|  0 |        0.947368 |         1        |      0.914286 |  0.955224 | [[22, 0], [3, 32]] |           0.947368 |            0.970588 |         0.942857 |     0.956522 | [[21, 1], [2, 33]]  |
|  1 |        0.894737 |         0.914286 |      0.914286 |  0.914286 | [[19, 3], [3, 32]] |           0.877193 |            0.888889 |         0.914286 |     0.901408 | [[18, 4], [3, 32]]  |
|  2 |        0.929825 |         0.921053 |      0.972222 |  0.945946 | [[18, 3], [1, 35]] |           0.894737 |            0.875    |         0.972222 |     0.921053 | [[16, 5], [1, 35]]  |
|  3 |        0.929825 |         0.921053 |      0.972222 |  0.945946 | [[18, 3], [1, 35]] |           0.929825 |            0.921053 |         0.972222 |     0.945946 | [[18, 3], [1, 35]]  |
|  4 |        0.929825 |         0.921053 |      0.972222 |  0.945946 | [[18, 3], [1, 35]] |           0.947368 |            0.945946 |         0.972222 |     0.958904 | [[19, 2], [1, 35]]  |
|  5 |        0.947368 |         0.971429 |      0.944444 |  0.957746 | [[20, 1], [2, 34]] |           0.964912 |            0.947368 |         1        |     0.972973 | [[19, 2], [0, 36]]  |
|  6 |        0.929825 |         0.921053 |      0.972222 |  0.945946 | [[18, 3], [1, 35]] |           0.929825 |            0.921053 |         0.972222 |     0.945946 | [[18, 3], [1, 35]]  |
|  7 |        0.964912 |         0.972222 |      0.972222 |  0.972222 | [[20, 1], [1, 35]] |           0.964912 |            0.972222 |         0.972222 |     0.972222 | [[20, 1], [1, 35]]  |
|  8 |        0.929825 |         0.970588 |      0.916667 |  0.942857 | [[20, 1], [3, 33]] |           0.947368 |            0.971429 |         0.944444 |     0.957746 | [[20, 1], [2, 34]]  |
|  9 |        0.964286 |         0.945946 |      1        |  0.972222 | [[19, 2], [0, 35]] |           0.964286 |            0.945946 |         1        |     0.972222 | [[19, 2], [0, 35]]  |

Summary Statistics
|       |   Pale_Accuracy |   Pale_Precision |   Pale_Recall |    Pale_F1 |   SKLearn_Accuracy |   SKLearn_Precision |   SKLearn_Recall |   SKLearn_F1 |
|:------|----------------:|-----------------:|--------------:|-----------:|-------------------:|--------------------:|-----------------:|-------------:|
| count |      10         |       10         |     10        | 10         |         10         |          10         |       10         |   10         |
| mean  |       0.936779  |        0.945868  |      0.955079 |  0.949834  |          0.936779  |           0.935949  |        0.96627   |    0.950494  |
| std   |       0.0204986 |        0.0304593 |      0.030558 |  0.0165561 |          0.0299829 |           0.0341206 |        0.0262032 |    0.0233969 |
| min   |       0.894737  |        0.914286  |      0.914286 |  0.914286  |          0.877193  |           0.875     |        0.914286  |    0.901408  |
| 25%   |       0.929825  |        0.921053  |      0.923611 |  0.945946  |          0.929825  |           0.921053  |        0.951389  |    0.945946  |
| 50%   |       0.929825  |        0.933499  |      0.972222 |  0.945946  |          0.947368  |           0.945946  |        0.972222  |    0.957134  |
| 75%   |       0.947368  |        0.971218  |      0.972222 |  0.957116  |          0.960056  |           0.964783  |        0.972222  |    0.968893  |
| max   |       0.964912  |        1         |      1        |  0.972222  |          0.964912  |           0.972222  |        1         |    0.972973  |